
Test Cases:

Test: 
30062020 8 35884.88 30082020 4000
Year: 2020
Expected answer:
30062020   8   287079   312443   0   0   4000


Test: 
30062020 8 35884.88
Year: 2020
Expected answer:
30062020   8   287079   310458   291230


Test: 
30062020 8 35884.88 11072020 4000
Year: 2020
Expected answer:
30062020   8   287079   278676   0   0   4000


Test: 
30062020 8 35884.88 11072020 400000
Year: 2020
Expected answer:
30062020   8   287079   400000   0   0   400000


Test: 
30062020 8 35884.88 27072020 4000
Year: 2020
Expected answer:
30062020   8   287079   278676   0   0   4000


Test: 
30062020 8 35884.88
Year: 2020
Expected answer:
30062020   8   287079   310458   291230



Test:
01032024 6 475.7
Year 2024
Expected answer:
01032024   6   2854   294108   227320


Test:
01022022 13 7865.8765
Year 2022
Expected answer:
01022022   13   102256   517006   360316


Test:
01022022 13 7865.8765
Year 2023
Expected answer:
01022022   13   102256  683472   641870


Test:
30062020 8 35884.88
Year 2022
Expected answer:
30062020   8   287079  335654   221733

